1111101000000000
1111101000011010
1111101000110011
1111101001001101
1111101001100110
1111101010000000
1111101010011010
1111101010110011
1111101011001101
1111101011100110
1111101100000000
1111101100011010
1111101100110011
1111101101001101
1111101101100110
1111101110000000
1111101110011010
1111101110110011
1111101111001101
1111101111100110
1111110000000000
1111110000011010
1111110000110011
1111110001001101
1111110001100110
1111110010000000
1111110010011010
1111110010110011
1111110011001101
1111110011100110
1111110100000000
1111110100011010
1111110100110011
1111110101001101
1111110101100110
1111110110000000
1111110110011010
1111110110110011
1111110111001101
1111110111100110
1111111000000000
1111111000011010
1111111000110011
1111111001001101
1111111001100110
1111111010000000
1111111010011010
1111111010110011
1111111011001101
1111111011100110
1111111100000000
1111111100011010
1111111100110011
1111111101001101
1111111101100110
1111111110000000
1111111110011010
1111111110110011
1111111111001101
1111111111100110
0000000000000000
0000000000011010
0000000000110011
0000000001001101
0000000001100110
0000000010000000
0000000010011010
0000000010110011
0000000011001101
0000000011100110
0000000100000000
0000000100011010
0000000100110011
0000000101001101
0000000101100110
0000000110000000
0000000110011010
0000000110110011
0000000111001101
0000000111100110
0000001000000000
0000001000011010
0000001000110011
0000001001001101
0000001001100110
0000001010000000
0000001010011010
0000001010110011
0000001011001101
0000001011100110
0000001100000000
0000001100011010
0000001100110011
0000001101001101
0000001101100110
0000001110000000
0000001110011010
0000001110110011
0000001111001101
0000001111100110
0000010000000000
0000010000011010
0000010000110011
0000010001001101
0000010001100110
0000010010000000
0000010010011010
0000010010110011
0000010011001101
0000010011100110
0000010100000000
0000010100011010
0000010100110011
0000010101001101
0000010101100110
0000010110000000
0000010110011010
0000010110110011
0000010111001101
0000010111100110
0000011000000000
