0000000000000001
0000000000000001
0000000000000001
0000000000000001
0000000000000001
0000000000000001
0000000000000001
0000000000000001
0000000000000001
0000000000000010
0000000000000010
0000000000000010
0000000000000010
0000000000000010
0000000000000011
0000000000000011
0000000000000011
0000000000000011
0000000000000100
0000000000000100
0000000000000101
0000000000000101
0000000000000110
0000000000000110
0000000000000111
0000000000001000
0000000000001000
0000000000001001
0000000000001010
0000000000001011
0000000000001100
0000000000001101
0000000000001111
0000000000010000
0000000000010010
0000000000010011
0000000000010101
0000000000010111
0000000000011010
0000000000011100
0000000000011111
0000000000100001
0000000000100100
0000000000101000
0000000000101011
0000000000101111
0000000000110011
0000000000110111
0000000000111011
0000000001000000
0000000001000101
0000000001001010
0000000001001111
0000000001010101
0000000001011011
0000000001100001
0000000001100111
0000000001101101
0000000001110011
0000000001111010
0000000010000000
0000000010000110
0000000010001101
0000000010010011
0000000010011001
0000000010011111
0000000010100101
0000000010101011
0000000010110001
0000000010110110
0000000010111011
0000000011000000
0000000011000101
0000000011001001
0000000011001101
0000000011010001
0000000011010101
0000000011011000
0000000011011100
0000000011011111
0000000011100001
0000000011100100
0000000011100110
0000000011101001
0000000011101011
0000000011101101
0000000011101110
0000000011110000
0000000011110001
0000000011110011
0000000011110100
0000000011110101
0000000011110110
0000000011110111
0000000011111000
0000000011111000
0000000011111001
0000000011111010
0000000011111010
0000000011111011
0000000011111011
0000000011111100
0000000011111100
0000000011111101
0000000011111101
0000000011111101
0000000011111101
0000000011111110
0000000011111110
0000000011111110
0000000011111110
0000000011111110
0000000011111111
0000000011111111
0000000011111111
0000000011111111
0000000011111111
0000000011111111
0000000011111111
0000000011111111
0000000011111111
