_C_7c7f_5a31fa4f_a 8c 0 98 0 0 2e646174 0 67687473 0 32576569 0 61796572 0 2e2f4c 
_C_7c7f_5a31fa4f_6 8c 0 e8 0 0 2e646174 0 6c756573 0 75745661 0 4f757470 0 61626c65 0 6b557054 0 2f4c6f6f 0 2e 
_C_7c7f_5a31fa4f_7 8c 0 e0 0 0 2e646174 0 6c756573 0 75745661 0 65496e70 0 5461626c 0 6f6b5570 0 2e2f4c6f 
_C_7c7f_5a31fa4f_9 8c 0 98 0 0 2e646174 0 67687473 0 31576569 0 61796572 0 2e2f4c 
_C_7c7f_5a31fa4f_8 8c 0 80 0 0 2e646174 0 61676531 0 7374496d 0 2e2f5465 
_C_7c7f_5a31fa4f_3 8c 0 38 0 0 2e766364 0 546f70 
_C_7c7f_5a31fa4f_2 84 0 10 0 0 0 
_C_7c7f_5a31fa4f_4 84 0 20 0 0 0 
_C_7c7f_5a31fa4f_5 84 0 20 0 0 1 
_C_7c7f_5a31fa4f_1 94 0 21 0 0 0 0 0 
